trace prescaler 10
trace trig iq > 5.000000 10
iq speed set_speed unknown
0.326385 0.077239 10.000000 0.000000
0.344024 -0.031463 10.000000 0.000000
0.397888 -0.042907 10.000000 0.000000
0.354873 -0.008575 10.000000 0.000000
0.342651 -0.034332 10.000000 0.000000
0.369171 -0.045776 10.000000 0.000000
0.328399 0.040054 10.000000 0.000000
0.383392 -0.031463 10.000000 0.000000
0.382003 0.071517 10.000000 0.000000
0.368621 -0.037185 10.000000 0.000000
8.901123 0.045776 10.000000 0.000000
46.257934 0.031463 10.000000 0.000000
49.826324 0.145904 10.000000 0.000000
50.616867 0.226013 10.000000 0.000000
51.421676 0.331878 10.000000 0.000000
51.458175 0.294677 10.000000 0.000000
51.044265 0.257492 10.000000 0.000000
50.744506 0.257492 10.000000 0.000000
50.939636 0.185958 10.000000 0.000000
51.085403 0.111572 10.000000 0.000000
51.124496 0.077239 10.000000 0.000000
50.970809 0.000000 10.000000 0.000000
50.994567 -0.077239 10.000000 0.000000
51.059799 -0.002853 10.000000 0.000000
51.002288 0.000000 10.000000 0.000000
51.010513 0.005722 10.000000 0.000000
51.058883 0.037185 10.000000 0.000000
51.051666 0.000000 10.000000 0.000000
51.027969 0.040054 10.000000 0.000000
51.005065 -0.037185 10.000000 0.000000
51.065078 0.040054 10.000000 0.000000
51.019226 -0.071517 10.000000 0.000000
50.994369 0.074386 10.000000 0.000000
50.994979 -0.037185 10.000000 0.000000
51.024627 0.008575 10.000000 0.000000
50.937011 -0.005722 10.000000 0.000000
51.081100 -0.077239 10.000000 0.000000
51.065246 -0.077239 10.000000 0.000000
51.020095 -0.002853 10.000000 0.000000
50.970794 -0.037185 10.000000 0.000000
51.009063 0.005722 10.000000 0.000000
51.036270 0.000000 10.000000 0.000000
50.971450 0.000000 10.000000 0.000000
51.017944 -0.031463 10.000000 0.000000
51.057617 -0.037185 10.000000 0.000000
51.007354 -0.045776 10.000000 0.000000
50.970520 -0.037185 10.000000 0.000000
51.027816 0.040054 10.000000 0.000000
50.965652 -0.068664 10.000000 0.000000
50.947311 0.042907 10.000000 0.000000
50.938278 -0.008575 10.000000 0.000000
51.019515 -0.008575 10.000000 0.000000
50.995330 0.040054 10.000000 0.000000
51.059341 -0.074386 10.000000 0.000000
50.994247 -0.037185 10.000000 0.000000
50.953903 0.082962 10.000000 0.000000
51.018630 0.040054 10.000000 0.000000
51.067184 -0.031463 10.000000 0.000000
51.007995 0.005722 10.000000 0.000000
51.008331 -0.002853 10.000000 0.000000
50.968704 0.000000 10.000000 0.000000
50.966629 0.005722 10.000000 0.000000
51.068405 -0.037185 10.000000 0.000000
50.969100 0.005722 10.000000 0.000000
51.010498 0.034332 10.000000 0.000000
50.984252 -0.040054 10.000000 0.000000
50.979202 -0.005722 10.000000 0.000000
51.067199 0.040054 10.000000 0.000000
51.025344 0.031463 10.000000 0.000000
50.906082 -0.037185 10.000000 0.000000
50.970809 0.040054 10.000000 0.000000
51.059616 0.037185 10.000000 0.000000
51.067550 0.000000 10.000000 0.000000
50.927108 -0.071517 10.000000 0.000000
50.941986 0.037185 10.000000 0.000000
51.041030 0.031463 10.000000 0.000000
50.996032 -0.005722 10.000000 0.000000
51.018920 -0.005722 10.000000 0.000000
50.942611 -0.037185 10.000000 0.000000
50.968994 -0.034332 10.000000 0.000000
50.929519 0.037185 10.000000 0.000000
51.051712 0.005722 10.000000 0.000000
50.967498 -0.143051 10.000000 0.000000
51.035522 -0.034332 10.000000 0.000000
50.962860 0.040054 10.000000 0.000000
51.027221 0.042907 10.000000 0.000000
51.018341 0.005722 10.000000 0.000000
51.036056 -0.042907 10.000000 0.000000
50.955474 -0.034332 10.000000 0.000000
50.960494 0.037185 10.000000 0.000000
51.003417 0.008575 10.000000 0.000000
50.999450 0.008575 10.000000 0.000000
51.036178 -0.080108 10.000000 0.000000
50.984680 0.037185 10.000000 0.000000
50.926589 -0.034332 10.000000 0.000000
51.070343 0.034332 10.000000 0.000000
50.979156 0.042907 10.000000 0.000000
50.968414 0.034332 10.000000 0.000000
50.977935 -0.037185 10.000000 0.000000
51.012130 -0.008575 10.000000 0.000000
50.994979 -0.037185 10.000000 0.000000
50.979431 0.037185 10.000000 0.000000
50.971084 0.000000 10.000000 0.000000
51.074813 -0.037185 10.000000 0.000000
51.043121 0.000000 10.000000 0.000000
50.963348 0.077239 10.000000 0.000000
51.062820 -0.031463 10.000000 0.000000
51.018234 0.005722 10.000000 0.000000
50.937896 -0.005722 10.000000 0.000000
50.994812 0.000000 10.000000 0.000000
50.977935 0.005722 10.000000 0.000000
51.018157 0.005722 10.000000 0.000000
51.010009 -0.077239 10.000000 0.000000
50.962783 -0.040054 10.000000 0.000000
50.929809 -0.040054 10.000000 0.000000
51.055084 0.005722 10.000000 0.000000
50.872833 -0.037185 10.000000 0.000000
51.008209 -0.042907 10.000000 0.000000
51.020065 -0.005722 10.000000 0.000000
51.057678 -0.042907 10.000000 0.000000
51.075836 0.005722 10.000000 0.000000
50.894577 -0.005722 10.000000 0.000000
51.015365 -0.037185 10.000000 0.000000
51.051132 0.008575 10.000000 0.000000
50.959091 0.005722 10.000000 0.000000
51.036224 0.037185 10.000000 0.000000
51.004852 -0.071517 10.000000 0.000000
51.031250 0.000000 10.000000 0.000000
51.010604 -0.002853 10.000000 0.000000
51.028320 -0.031463 10.000000 0.000000
51.003219 0.031463 10.000000 0.000000
50.995681 0.000000 10.000000 0.000000
50.986694 0.040054 10.000000 0.000000
50.994567 -0.045776 10.000000 0.000000
51.026443 -0.037185 10.000000 0.000000
50.998443 -0.034332 10.000000 0.000000
51.019363 0.000000 10.000000 0.000000
51.052139 -0.037185 10.000000 0.000000
50.905838 0.005722 10.000000 0.000000
51.044235 0.031463 10.000000 0.000000
51.017684 -0.071517 10.000000 0.000000
50.996292 -0.071517 10.000000 0.000000
50.977630 0.031463 10.000000 0.000000
50.987380 0.040054 10.000000 0.000000
50.987457 -0.005722 10.000000 0.000000
50.924758 -0.008575 10.000000 0.000000
50.945236 0.037185 10.000000 0.000000
51.009826 -0.034332 10.000000 0.000000
51.099136 -0.040054 10.000000 0.000000
50.994827 0.034332 10.000000 0.000000
50.962631 -0.102996 10.000000 0.000000
50.985534 0.005722 10.000000 0.000000
50.962173 0.037185 10.000000 0.000000
51.004547 0.040054 10.000000 0.000000
50.950958 -0.005722 10.000000 0.000000
51.036590 -0.071517 10.000000 0.000000
51.043838 -0.077239 10.000000 0.000000
51.043365 0.005722 10.000000 0.000000
51.049819 0.000000 10.000000 0.000000
50.952682 0.000000 10.000000 0.000000
50.976882 -0.037185 10.000000 0.000000
50.962936 0.000000 10.000000 0.000000
50.978363 0.031463 10.000000 0.000000
51.002014 -0.005722 10.000000 0.000000
51.002929 0.000000 10.000000 0.000000
50.995422 0.005722 10.000000 0.000000
51.011230 -0.040054 10.000000 0.000000
50.987380 0.000000 10.000000 0.000000
51.043014 0.042907 10.000000 0.000000
51.034378 -0.040054 10.000000 0.000000
50.987380 0.037185 10.000000 0.000000
51.003890 -0.005722 10.000000 0.000000
51.011352 -0.040054 10.000000 0.000000
50.930709 0.005722 10.000000 0.000000
51.079162 0.040054 10.000000 0.000000
50.969314 0.042907 10.000000 0.000000
51.068252 -0.040054 10.000000 0.000000
50.932876 -0.037185 10.000000 0.000000
51.002593 -0.037185 10.000000 0.000000
50.979019 0.034332 10.000000 0.000000
51.006210 -0.037185 10.000000 0.000000
50.987335 -0.108718 10.000000 0.000000
51.003219 0.000000 10.000000 0.000000
50.981842 -0.077239 10.000000 0.000000
51.057907 0.000000 10.000000 0.000000
50.938659 0.000000 10.000000 0.000000
50.954238 -0.002853 10.000000 0.000000
50.969100 -0.037185 10.000000 0.000000
51.033645 0.071517 10.000000 0.000000
50.899490 0.074386 10.000000 0.000000
51.050018 -0.031463 10.000000 0.000000
51.052413 0.040054 10.000000 0.000000
50.979843 0.102996 10.000000 0.000000
50.930709 -0.002853 10.000000 0.000000
51.021072 0.000000 10.000000 0.000000
51.140136 0.074386 10.000000 0.000000
50.993362 0.037185 10.000000 0.000000
50.929595 -0.005722 10.000000 0.000000
51.083465 0.077239 10.000000 0.000000
50.986968 -0.037185 10.000000 0.000000
51.039459 0.037185 10.000000 0.000000
51.052719 0.005722 10.000000 0.000000
51.002227 0.074386 10.000000 0.000000
50.960235 0.005722 10.000000 0.000000
51.083801 -0.037185 10.000000 0.000000
51.124496 -0.045776 10.000000 0.000000
50.987304 0.002853 10.000000 0.000000
51.069473 0.000000 10.000000 0.000000
50.995208 -0.037185 10.000000 0.000000
50.962295 -0.025741 10.000000 0.000000
50.889587 0.005722 10.000000 0.000000
50.906524 0.000000 10.000000 0.000000
51.066925 0.034332 10.000000 0.000000
50.987045 0.000000 10.000000 0.000000
50.943374 -0.048629 10.000000 0.000000
51.072814 0.005722 10.000000 0.000000
50.979095 0.005722 10.000000 0.000000
51.043960 0.000000 10.000000 0.000000
51.018478 0.000000 10.000000 0.000000
51.009017 -0.040054 10.000000 0.000000
50.996551 -0.108718 10.000000 0.000000
51.081863 0.040054 10.000000 0.000000
51.018844 -0.037185 10.000000 0.000000
50.995910 0.074386 10.000000 0.000000
51.026351 0.045776 10.000000 0.000000
51.003189 -0.008575 10.000000 0.000000
51.025619 0.031463 10.000000 0.000000
50.930419 0.000000 10.000000 0.000000
51.076736 0.002853 10.000000 0.000000
51.052185 0.000000 10.000000 0.000000
50.906097 -0.037185 10.000000 0.000000
51.059951 0.000000 10.000000 0.000000
50.976119 -0.037185 10.000000 0.000000
50.963531 -0.077239 10.000000 0.000000
51.027175 0.040054 10.000000 0.000000
51.028320 -0.077239 10.000000 0.000000
51.017517 0.077239 10.000000 0.000000
50.962661 0.000000 10.000000 0.000000
51.044067 0.000000 10.000000 0.000000
51.009094 -0.002853 10.000000 0.000000
50.995590 -0.005722 10.000000 0.000000
51.024658 -0.077239 10.000000 0.000000
51.058456 0.005722 10.000000 0.000000
50.996032 0.034332 10.000000 0.000000
51.036224 -0.034332 10.000000 0.000000
50.986694 0.000000 10.000000 0.000000
51.058120 -0.005722 10.000000 0.000000
50.963272 -0.077239 10.000000 0.000000
50.946212 0.037185 10.000000 0.000000
51.038055 0.000000 10.000000 0.000000
51.036270 -0.005722 10.000000 0.000000
50.986251 0.040054 10.000000 0.000000
51.017730 -0.034332 10.000000 0.000000
50.959854 -0.048629 10.000000 0.000000
51.075515 -0.037185 10.000000 0.000000
51.002426 -0.037185 10.000000 0.000000
